5043809927.890944
5046653943.148608
5046653943.211680
5048031813.215616
5048032396.358592
5049410551.117920
5052168294.543937
5052254217.035328
5052427105.417344
5052512928.195360
5055183349.411968
5064919754.027040
5064920197.362720
5065004757.043584
5065005872.896992
5065005981.581280
5066298306.217728
5066384844.110400
5066470310.792543
5066470696.778496
5072071850.772768
5072158190.493216
5073450597.443808
5073450812.744832
5073450812.807040
5073450914.640673
5079138002.480160
5079138478.239168
